(81742752,187084488) : 0
(227789690,80121666) : 283307821
(215102986,253620282) : 301463138
(51810121,234104067) : 185873039
(117917122,132995219) : 65070992
(88984875,11923531) : 291973333
(43762211,51386035) : 271560178
(65105105,73789608) : 114510004
(250471672,99135751) : 201881709
(252332814,218943729) : 319121542
(107176463,1872496) : 202759154
(16738136,238266614) : 82735785
(92778392,192522952) : 171474745
(99807007,5955764) : 211184233
(67689720,39620447) : 148132140
(152527805,266504070) : 221430370
(180348619,12382951) : 200608434
(267806812,154209900) : 188945952
(153743515,64111306) : 237603128
(155425051,100082026) : 114972124
